# Interaction cross-sections, 1/cm
# Date: 2021-05-31 21:02:47.940704
# Generated from NCrystal (https://github.com/mctools/ncrystal)
# Reference: X.-X. Cai and T. Kittelmann, Comp. Phys. Comm. 246 (2020) 106851
# Source file: Cu_sg225.ncmat
# wavelength[A]	sigma_tot[1/cm]
0.51	0.825819
0.52	0.826391
0.53	0.827335
0.54	0.827993
0.55	0.8285
0.56	0.828604
0.57	0.828983
0.58	0.830018
0.59	0.829803
0.6	0.830278
0.61	0.831339
0.62	0.830461
0.63	0.831217
0.64	0.830483
0.65	0.832256
0.66	0.831816
0.67	0.833833
0.68	0.832379
0.69	0.834627
0.7	0.832933
0.71	0.832228
0.72	0.834802
0.73	0.832172
0.74	0.833549
0.75	0.836491
0.76	0.836212
0.77	0.83944
0.78	0.840914
0.79	0.840039
0.8	0.836671
0.81	0.837724
0.82	0.84149
0.83	0.842408
0.84	0.83902
0.85	0.843089
0.86	0.841885
0.87	0.846188
0.88	0.842158
0.89	0.842145
0.9	0.846682
0.91	0.850116
0.92	0.854967
0.93	0.859988
0.94	0.865176
0.95	0.851285
0.96	0.856398
0.97	0.84706
0.98	0.852188
0.99	0.857471
1	0.862905
1.01	0.859562
1.02	0.846345
1.03	0.851679
1.04	0.857155
1.05	0.859134
1.06	0.864819
1.07	0.870642
1.08	0.876599
1.09	0.869349
1.1	0.875328
1.11	0.867147
1.12	0.873124
1.13	0.879226
1.14	0.885451
1.15	0.874876
1.16	0.881048
1.17	0.887337
1.18	0.893742
1.19	0.900261
1.2	0.906894
1.21	0.886825
1.22	0.893236
1.23	0.853852
1.24	0.859726
1.25	0.865699
1.26	0.871769
1.27	0.877936
1.28	0.870369
1.29	0.876509
1.3	0.882741
1.31	0.889065
1.32	0.895478
1.33	0.901982
1.34	0.908574
1.35	0.915253
1.36	0.92202
1.37	0.928873
1.38	0.935812
1.39	0.942835
1.4	0.896672
1.41	0.903098
1.42	0.909603
1.43	0.916183
1.44	0.92284
1.45	0.929572
1.46	0.936378
1.47	0.943258
1.48	0.899819
1.49	0.906162
1.5	0.912573
1.51	0.919051
1.52	0.925596
1.53	0.932207
1.54	0.938883
1.55	0.945624
1.56	0.95243
1.57	0.959299
1.58	0.966233
1.59	0.973229
1.6	0.980288
1.61	0.987409
1.62	0.92274
1.63	0.929094
1.64	0.935504
1.65	0.941969
1.66	0.869465
1.67	0.875084
1.68	0.880751
1.69	0.886467
1.7	0.89223
1.71	0.898039
1.72	0.903896
1.73	0.909799
1.74	0.915749
1.75	0.921744
1.76	0.927785
1.77	0.933871
1.78	0.940001
1.79	0.946177
1.8	0.952397
1.81	0.931425
1.82	0.937431
1.83	0.943479
1.84	0.949569
1.85	0.9557
1.86	0.961872
1.87	0.968085
1.88	0.974339
1.89	0.980633
1.9	0.986967
1.91	0.993342
1.92	0.999756
1.93	1.00621
1.94	1.0127
1.95	1.01924
1.96	1.02581
1.97	1.03242
1.98	1.03907
1.99	1.04575
2	1.05248
2.01	1.05924
2.02	1.06604
2.03	1.07288
2.04	1.07976
2.05	1.08667
2.06	1.09362
2.07	1.10061
2.08	1.10764
2.09	1.05396
2.1	1.06048
2.11	1.06703
2.12	1.07361
2.13	1.08022
2.14	1.08687
2.15	1.09356
2.16	1.10027
2.17	1.10702
2.18	0.902414
2.19	0.907284
2.2	0.912178
2.21	0.917096
2.22	0.922037
2.23	0.927001
2.24	0.931988
2.25	0.936999
2.26	0.942032
2.27	0.947089
2.28	0.952168
2.29	0.957269
2.3	0.962394
2.31	0.967541
2.32	0.97271
2.33	0.977901
2.34	0.983115
2.35	0.988351
2.36	0.993608
2.37	0.998888
2.38	1.00419
2.39	1.00951
2.4	1.01486
2.41	1.02022
2.42	1.02561
2.43	1.03102
2.44	1.03645
2.45	1.04191
2.46	1.04738
2.47	1.05287
2.48	1.05839
2.49	1.06393
2.5	1.06948
2.51	1.07506
2.52	1.08066
2.53	1.08628
2.54	1.09192
2.55	1.09758
2.56	0.921401
2.57	0.92568
2.58	0.929974
2.59	0.934282
2.6	0.938606
2.61	0.942944
2.62	0.947298
2.63	0.951665
2.64	0.956048
2.65	0.960444
2.66	0.964856
2.67	0.969282
2.68	0.973722
2.69	0.978176
2.7	0.982645
2.71	0.987128
2.72	0.991625
2.73	0.996137
2.74	1.00066
2.75	1.0052
2.76	1.00976
2.77	1.01432
2.78	1.0189
2.79	1.0235
2.8	1.02811
2.81	1.03273
2.82	1.03737
2.83	1.04202
2.84	1.04668
2.85	1.05136
2.86	1.05605
2.87	1.06076
2.88	1.06548
2.89	1.07021
2.9	1.07496
2.91	1.07972
2.92	1.08449
2.93	1.08928
2.94	1.09408
2.95	1.09889
2.96	1.10371
2.97	1.10855
2.98	1.11341
2.99	1.11827
3	1.12315
3.01	1.12805
3.02	1.13295
3.03	1.13787
3.04	1.1428
3.05	1.14775
3.06	1.1527
3.07	1.15768
3.08	1.16266
3.09	1.16766
3.1	1.17267
3.11	1.17769
3.12	1.18272
3.13	1.18777
3.14	1.19283
3.15	1.19791
3.16	1.20299
3.17	1.20809
3.18	1.21321
3.19	1.21833
3.2	1.22347
3.21	1.22862
3.22	1.23378
3.23	1.23896
3.24	1.24415
3.25	1.24935
3.26	1.25456
3.27	1.25979
3.28	1.26503
3.29	1.27028
3.3	1.27554
3.31	1.28082
3.32	1.28611
3.33	1.29141
3.34	1.29672
3.35	1.30205
3.36	1.30739
3.37	1.31274
3.38	1.3181
3.39	1.32348
3.4	1.32887
3.41	1.33427
3.42	1.33968
3.43	1.3451
3.44	1.35054
3.45	1.35599
3.46	1.36145
3.47	1.36693
3.48	1.37241
3.49	1.37791
3.5	1.38342
3.51	1.38895
3.52	1.39448
3.53	1.40003
3.54	1.40559
3.55	1.41116
3.56	1.41674
3.57	1.42234
3.58	1.42795
3.59	1.43357
3.6	1.4392
3.61	1.44484
3.62	1.17115
3.63	1.17527
3.64	1.1794
3.65	1.18354
3.66	1.18769
3.67	1.19184
3.68	1.196
3.69	1.20017
3.7	1.20435
3.71	1.20853
3.72	1.21272
3.73	1.21692
3.74	1.22113
3.75	1.22535
3.76	1.22957
3.77	1.2338
3.78	1.23804
3.79	1.24228
3.8	1.24654
3.81	1.2508
3.82	1.25506
3.83	1.25934
3.84	1.26362
3.85	1.26792
3.86	1.27221
3.87	1.27652
3.88	1.28083
3.89	1.28515
3.9	1.28948
3.91	1.29382
3.92	1.29816
3.93	1.30251
3.94	1.30687
3.95	1.31124
3.96	1.31561
3.97	1.31999
3.98	1.32438
3.99	1.32878
4	1.33318
4.01	1.33759
4.02	1.34201
4.03	1.34644
4.04	1.35087
4.05	1.35531
4.06	1.35976
4.07	1.36421
4.08	1.36868
4.09	1.37315
4.1	1.37762
4.11	1.38211
4.12	1.3866
4.13	1.3911
4.14	1.39561
4.15	1.40012
4.16	1.40464
4.17	1.40917
4.18	0.828263
4.19	0.830002
4.2	0.831742
4.21	0.833482
4.22	0.835223
4.23	0.836964
4.24	0.838706
4.25	0.840448
4.26	0.842191
4.27	0.843935
4.28	0.845679
4.29	0.847424
4.3	0.849169
4.31	0.850915
4.32	0.852661
4.33	0.854408
4.34	0.856156
4.35	0.857904
4.36	0.859652
4.37	0.861401
4.38	0.863151
4.39	0.864901
4.4	0.866651
4.41	0.868403
4.42	0.870154
4.43	0.871906
4.44	0.873659
4.45	0.875412
4.46	0.877165
4.47	0.878919
4.48	0.880674
4.49	0.882429
4.5	0.884184
4.51	0.88594
4.52	0.887696
4.53	0.889453
4.54	0.89121
4.55	0.892968
4.56	0.894726
4.57	0.896484
4.58	0.898243
4.59	0.900003
4.6	0.901763
4.61	0.903523
4.62	0.905284
4.63	0.907045
4.64	0.908806
4.65	0.910568
4.66	0.91233
4.67	0.914093
4.68	0.915856
4.69	0.91762
4.7	0.919384
4.71	0.921148
4.72	0.922912
4.73	0.924677
4.74	0.926443
4.75	0.928209
4.76	0.929975
4.77	0.931741
4.78	0.933508
4.79	0.935276
4.8	0.937043
4.81	0.938811
4.82	0.940579
4.83	0.942348
4.84	0.944117
4.85	0.945887
4.86	0.947656
4.87	0.949426
4.88	0.951197
4.89	0.952968
4.9	0.954739
4.91	0.95651
4.92	0.958282
4.93	0.960054
4.94	0.961826
4.95	0.963599
4.96	0.965372
4.97	0.967145
4.98	0.968919
4.99	0.970693
5	0.972467
5.01	0.974241
5.02	0.976016
5.03	0.977791
5.04	0.979567
5.05	0.981343
5.06	0.983119
5.07	0.984895
5.08	0.986672
5.09	0.988449
5.1	0.990226
5.11	0.992003
5.12	0.993781
5.13	0.995559
5.14	0.997337
5.15	0.999116
5.16	1.00089
5.17	1.00267
5.18	1.00445
5.19	1.00623
5.2	1.00801
5.21	1.00979
5.22	1.01157
5.23	1.01335
5.24	1.01513
5.25	1.01692
5.26	1.0187
5.27	1.02048
5.28	1.02226
5.29	1.02404
5.3	1.02583
5.31	1.02761
5.32	1.02939
5.33	1.03117
5.34	1.03296
5.35	1.03474
5.36	1.03653
5.37	1.03831
5.38	1.04009
5.39	1.04188
5.4	1.04366
5.41	1.04545
5.42	1.04723
5.43	1.04902
5.44	1.0508
5.45	1.05259
5.46	1.05438
5.47	1.05616
5.48	1.05795
5.49	1.05974
5.5	1.06152
5.51	1.06331
