# Interaction cross-sections, 1/cm
# Date: 2021-05-31 21:02:47.746800
# Generated from NCrystal (https://github.com/mctools/ncrystal)
# Reference: X.-X. Cai and T. Kittelmann, Comp. Phys. Comm. 246 (2020) 106851
# Phase alpha: Fe_sg229_Iron-alpha.ncmat, 50%
# wavelength[A]	sigma_tot[1/cm]
0.51	1.06956
0.52	1.06696
0.53	1.06558
0.54	1.06372
0.55	1.06172
0.56	1.06023
0.57	1.05888
0.58	1.05657
0.59	1.05684
0.6	1.0557
0.61	1.05341
0.62	1.05051
0.63	1.04994
0.64	1.04863
0.65	1.04822
0.66	1.04941
0.67	1.04573
0.68	1.0458
0.69	1.04565
0.7	1.04653
0.71	1.04097
0.72	1.04269
0.73	1.03912
0.74	1.04015
0.75	1.04425
0.76	1.04715
0.77	1.04492
0.78	1.04941
0.79	1.04326
0.8	1.04291
0.81	1.04425
0.82	1.03584
0.83	1.04094
0.84	1.04552
0.85	1.03811
0.86	1.04505
0.87	1.04334
0.88	1.05066
0.89	1.04088
0.9	1.04518
0.91	1.04655
0.92	1.05347
0.93	1.06155
0.94	1.04823
0.95	1.05635
0.96	1.04095
0.97	1.04908
0.98	1.04705
0.99	1.03705
1	1.0453
1.01	1.05378
1.02	1.05088
1.03	1.0462
1.04	1.05484
1.05	1.03978
1.06	1.04579
1.07	1.05455
1.08	1.06351
1.09	1.07267
1.1	1.08202
1.11	1.08188
1.12	1.08125
1.13	1.04232
1.14	1.0512
1.15	1.06025
1.16	1.05742
1.17	1.0666
1.18	1.05683
1.19	1.06602
1.2	1.07537
1.21	1.08488
1.22	1.07544
1.23	1.06233
1.24	1.03891
1.25	1.04781
1.26	1.05686
1.27	1.06604
1.28	1.07536
1.29	1.05763
1.3	1.05679
1.31	1.06594
1.32	1.07521
1.33	1.08461
1.34	1.09414
1.35	1.1038
1.36	1.06377
1.37	1.07293
1.38	1.08222
1.39	1.09162
1.4	1.10113
1.41	1.07281
1.42	1.08201
1.43	1.09132
1.44	1.09044
1.45	1.09982
1.46	1.1093
1.47	1.11889
1.48	1.12858
1.49	1.13837
1.5	1.11189
1.51	1.12139
1.52	1.131
1.53	1.1407
1.54	1.04561
1.55	1.05414
1.56	1.06275
1.57	1.07144
1.58	1.08022
1.59	1.08908
1.6	1.09803
1.61	1.10706
1.62	1.11617
1.63	1.12536
1.64	1.08284
1.65	1.09156
1.66	1.07749
1.67	1.08608
1.68	1.03781
1.69	1.04587
1.7	1.054
1.71	1.0622
1.72	1.07047
1.73	1.0788
1.74	1.0872
1.75	1.09567
1.76	1.1042
1.77	1.1128
1.78	1.12147
1.79	1.1302
1.8	1.13899
1.81	1.14786
1.82	1.06264
1.83	1.05099
1.84	1.05878
1.85	1.06663
1.86	1.07454
1.87	1.0825
1.88	1.09052
1.89	1.09859
1.9	1.10672
1.91	1.1149
1.92	1.12314
1.93	1.13143
1.94	1.13978
1.95	1.14818
1.96	1.15663
1.97	1.16513
1.98	1.17369
1.99	1.18231
2	1.19097
2.01	1.19969
2.02	1.20846
2.03	1.14904
2.04	1.15724
2.05	1.16549
2.06	1.17378
2.07	1.18213
2.08	1.19052
2.09	1.19896
2.1	1.20744
2.11	1.21598
2.12	1.18052
2.13	1.18873
2.14	1.19699
2.15	1.20529
2.16	1.21364
2.17	1.22203
2.18	1.23046
2.19	1.23894
2.2	1.24746
2.21	1.10291
2.22	1.11013
2.23	1.11739
2.24	1.12468
2.25	1.13202
2.26	1.13939
2.27	1.14679
2.28	1.15424
2.29	1.16171
2.3	1.16923
2.31	1.17678
2.32	1.18437
2.33	1.19199
2.34	1.19966
2.35	0.987244
2.36	0.993099
2.37	0.998981
2.38	1.00489
2.39	1.01083
2.4	1.0168
2.41	1.02279
2.42	1.02881
2.43	1.03486
2.44	1.04093
2.45	1.04703
2.46	1.05316
2.47	1.05932
2.48	1.0655
2.49	1.07171
2.5	1.07794
2.51	1.0842
2.52	1.09049
2.53	1.09681
2.54	1.10315
2.55	1.10952
2.56	1.11591
2.57	1.12233
2.58	1.12878
2.59	1.00396
2.6	1.00944
2.61	1.01495
2.62	1.02047
2.63	1.02602
2.64	1.03159
2.65	1.03718
2.66	1.0428
2.67	1.04843
2.68	1.05409
2.69	1.05977
2.7	1.06547
2.71	1.07119
2.72	1.07693
2.73	1.08269
2.74	1.08848
2.75	1.09428
2.76	1.10011
2.77	1.10596
2.78	1.11183
2.79	1.11772
2.8	1.12363
2.81	1.12956
2.82	1.13552
2.83	1.14149
2.84	1.14749
2.85	1.1535
2.86	1.15954
2.87	1.06083
2.88	1.06618
2.89	1.07154
2.9	1.07692
2.91	1.08232
2.92	1.08774
2.93	1.09318
2.94	1.09863
2.95	1.10411
2.96	1.1096
2.97	1.11511
2.98	1.12063
2.99	1.12617
3	1.13174
3.01	1.13731
3.02	1.14291
3.03	1.14853
3.04	1.15416
3.05	1.15981
3.06	1.16547
3.07	1.17116
3.08	1.17686
3.09	1.18258
3.1	1.18832
3.11	1.19407
3.12	1.19984
3.13	1.20563
3.14	1.21143
3.15	1.21726
3.16	1.2231
3.17	1.22896
3.18	1.23483
3.19	1.24072
3.2	1.24663
3.21	1.25256
3.22	1.2585
3.23	1.26446
3.24	1.27044
3.25	1.27643
3.26	1.28245
3.27	1.28847
3.28	1.29452
3.29	1.30058
3.3	1.30666
3.31	1.31276
3.32	1.31887
3.33	1.325
3.34	1.33115
3.35	1.33731
3.36	1.34349
3.37	1.34969
3.38	1.35591
3.39	1.36214
3.4	1.36839
3.41	1.37465
3.42	1.38093
3.43	1.38723
3.44	1.39354
3.45	1.39987
3.46	1.40622
3.47	1.41259
3.48	1.41897
3.49	1.42537
3.5	1.43178
3.51	1.43821
3.52	1.44466
3.53	1.45112
3.54	1.4576
3.55	1.4641
3.56	1.47062
3.57	1.47715
3.58	1.48369
3.59	1.49026
3.6	1.49684
3.61	1.50343
3.62	1.51004
3.63	1.51667
3.64	1.52332
3.65	1.52998
3.66	1.33509
3.67	1.34068
3.68	1.34628
3.69	1.3519
3.7	1.35753
3.71	1.36318
3.72	1.36883
3.73	1.3745
3.74	1.38019
3.75	1.38589
3.76	1.3916
3.77	1.39732
3.78	1.40306
3.79	1.40881
3.8	1.41457
3.81	1.42035
3.82	1.42614
3.83	1.43195
3.84	1.43776
3.85	1.44359
3.86	1.44943
3.87	1.45529
3.88	1.46116
3.89	1.46704
3.9	1.47294
3.91	1.47885
3.92	1.48477
3.93	1.4907
3.94	1.49665
3.95	1.50261
3.96	1.50859
3.97	1.51457
3.98	1.52057
3.99	1.52659
4	1.53261
4.01	1.53865
4.02	1.5447
4.03	1.55077
4.04	1.55685
4.05	1.56294
4.06	0.950996
4.07	0.954064
4.08	0.957139
4.09	0.960219
4.1	0.963304
4.11	0.966394
4.12	0.969491
4.13	0.972592
4.14	0.975699
4.15	0.978811
4.16	0.981929
4.17	0.985053
4.18	0.988181
4.19	0.991315
4.2	0.994455
4.21	0.997599
4.22	1.00075
4.23	0.580606
4.24	0.581763
4.25	0.582921
4.26	0.58408
4.27	0.585239
4.28	0.586398
4.29	0.587559
4.3	0.588719
4.31	0.589881
4.32	0.591043
4.33	0.592206
4.34	0.593369
4.35	0.594533
4.36	0.595697
4.37	0.596862
4.38	0.598027
4.39	0.599193
4.4	0.60036
4.41	0.601527
4.42	0.602695
4.43	0.603863
4.44	0.605032
4.45	0.606201
4.46	0.607371
4.47	0.608541
4.48	0.609712
4.49	0.610883
4.5	0.612055
4.51	0.613227
4.52	0.6144
4.53	0.615573
4.54	0.616747
4.55	0.617922
4.56	0.619096
4.57	0.620271
4.58	0.621447
4.59	0.622623
4.6	0.6238
4.61	0.624977
4.62	0.626155
4.63	0.627333
4.64	0.628511
4.65	0.62969
4.66	0.630869
4.67	0.632049
4.68	0.633229
4.69	0.63441
4.7	0.635591
4.71	0.636772
4.72	0.637954
4.73	0.639136
4.74	0.640319
4.75	0.641502
4.76	0.642686
4.77	0.643869
4.78	0.645054
4.79	0.646238
4.8	0.647423
4.81	0.648609
4.82	0.649795
4.83	0.650981
4.84	0.652168
4.85	0.653355
4.86	0.654542
4.87	0.65573
4.88	0.656918
4.89	0.658106
4.9	0.659295
4.91	0.660484
4.92	0.661674
4.93	0.662864
4.94	0.664054
4.95	0.665244
4.96	0.666435
4.97	0.667626
4.98	0.668818
4.99	0.67001
5	0.671202
5.01	0.672395
5.02	0.673588
5.03	0.674781
5.04	0.675974
5.05	0.677168
5.06	0.678362
5.07	0.679557
5.08	0.680752
5.09	0.681947
5.1	0.683142
5.11	0.684338
5.12	0.685534
5.13	0.68673
5.14	0.687927
5.15	0.689124
5.16	0.690321
5.17	0.691519
5.18	0.692716
5.19	0.693915
5.2	0.695113
5.21	0.696312
5.22	0.69751
5.23	0.69871
5.24	0.699909
5.25	0.701109
5.26	0.702309
5.27	0.703509
5.28	0.70471
5.29	0.705911
5.3	0.707112
5.31	0.708313
5.32	0.709515
5.33	0.710717
5.34	0.711919
5.35	0.713121
5.36	0.714324
5.37	0.715527
5.38	0.71673
5.39	0.717933
5.4	0.719137
5.41	0.720341
5.42	0.721545
5.43	0.722749
5.44	0.723954
5.45	0.725158
5.46	0.726363
5.47	0.727569
5.48	0.728774
5.49	0.72998
5.5	0.731186
5.51	0.732392
