# Interaction cross-sections, 1/cm
# Date: 2021-05-31 21:02:47.768217
# Generated from NCrystal (https://github.com/mctools/ncrystal)
# Reference: X.-X. Cai and T. Kittelmann, Comp. Phys. Comm. 246 (2020) 106851
# Source file: Fe_sg229_Iron-alpha.ncmat
# wavelength[A]	sigma_tot[1/cm]
0.51	1.05672
0.52	1.0535
0.53	1.05266
0.54	1.05072
0.55	1.04909
0.56	1.04853
0.57	1.04737
0.58	1.0451
0.59	1.04767
0.6	1.04708
0.61	1.04479
0.62	1.04029
0.63	1.04181
0.64	1.04339
0.65	1.04279
0.66	1.04639
0.67	1.04018
0.68	1.04246
0.69	1.04323
0.7	1.04374
0.71	1.03693
0.72	1.0432
0.73	1.03421
0.74	1.04177
0.75	1.04973
0.76	1.05304
0.77	1.05065
0.78	1.05935
0.79	1.04385
0.8	1.04598
0.81	1.05498
0.82	1.03818
0.83	1.04452
0.84	1.05384
0.85	1.0453
0.86	1.05484
0.87	1.05454
0.88	1.06446
0.89	1.05202
0.9	1.06203
0.91	1.05968
0.92	1.06998
0.93	1.08056
0.94	1.0481
0.95	1.05829
0.96	1.04859
0.97	1.05888
0.98	1.06941
0.99	1.0434
1	1.05367
1.01	1.06416
1.02	1.0644
1.03	1.07514
1.04	1.0861
1.05	1.04943
1.06	1.05991
1.07	1.07058
1.08	1.08146
1.09	1.09254
1.1	1.10381
1.11	1.11528
1.12	1.12694
1.13	1.0418
1.14	1.05212
1.15	1.0626
1.16	1.07326
1.17	1.08408
1.18	1.05683
1.19	1.06733
1.2	1.07799
1.21	1.0888
1.22	1.09977
1.23	1.06566
1.24	1.07619
1.25	1.08687
1.26	1.0977
1.27	1.10866
1.28	1.11976
1.29	1.07662
1.3	1.08715
1.31	1.09781
1.32	1.10861
1.33	1.11953
1.34	1.13058
1.35	1.14175
1.36	1.05343
1.37	1.06338
1.38	1.07345
1.39	1.08363
1.4	1.09391
1.41	1.10431
1.42	1.11482
1.43	1.12543
1.44	1.11558
1.45	1.12612
1.46	1.13677
1.47	1.14752
1.48	1.15837
1.49	1.16932
1.5	1.18038
1.51	1.19154
1.52	1.20279
1.53	1.21415
1.54	1.01584
1.55	1.02466
1.56	1.03356
1.57	1.04254
1.58	1.0516
1.59	1.06074
1.6	1.06996
1.61	1.07925
1.62	1.08863
1.63	1.09808
1.64	1.1076
1.65	1.1172
1.66	1.08115
1.67	1.09035
1.68	1.09962
1.69	1.10897
1.7	1.11838
1.71	1.12786
1.72	1.13742
1.73	1.14704
1.74	1.15673
1.75	1.1665
1.76	1.17633
1.77	1.18623
1.78	1.1962
1.79	1.20623
1.8	1.21634
1.81	1.22651
1.82	1.04846
1.83	1.05669
1.84	1.06498
1.85	1.07332
1.86	1.08171
1.87	1.09016
1.88	1.09866
1.89	1.10722
1.9	1.11583
1.91	1.1245
1.92	1.13321
1.93	1.14198
1.94	1.15081
1.95	1.15969
1.96	1.16861
1.97	1.1776
1.98	1.18663
1.99	1.19572
2	1.20485
2.01	1.21404
2.02	1.22328
2.03	1.0961
2.04	1.10409
2.05	1.11213
2.06	1.12022
2.07	1.12835
2.08	1.13652
2.09	1.14473
2.1	1.15299
2.11	1.1613
2.12	1.16964
2.13	1.17803
2.14	1.18646
2.15	1.19494
2.16	1.20346
2.17	1.21202
2.18	1.22062
2.19	1.22927
2.2	1.23796
2.21	1.24669
2.22	1.25546
2.23	1.26428
2.24	1.27313
2.25	1.28203
2.26	1.29097
2.27	1.29996
2.28	1.30898
2.29	1.31805
2.3	1.32715
2.31	1.3363
2.32	1.34549
2.33	1.35472
2.34	1.36399
2.35	0.933091
2.36	0.938691
2.37	0.944315
2.38	0.949964
2.39	0.955638
2.4	0.961336
2.41	0.967059
2.42	0.972807
2.43	0.978579
2.44	0.984375
2.45	0.990196
2.46	0.996041
2.47	1.00191
2.48	1.0078
2.49	1.01372
2.5	1.01966
2.51	1.02563
2.52	1.03162
2.53	1.03763
2.54	1.04367
2.55	1.04973
2.56	1.05581
2.57	1.06192
2.58	1.06805
2.59	1.0742
2.6	1.08038
2.61	1.08658
2.62	1.09281
2.63	1.09906
2.64	1.10533
2.65	1.11162
2.66	1.11794
2.67	1.12428
2.68	1.13064
2.69	1.13703
2.7	1.14344
2.71	1.14987
2.72	1.15633
2.73	1.16281
2.74	1.16931
2.75	1.17583
2.76	1.18238
2.77	1.18895
2.78	1.19554
2.79	1.20216
2.8	1.2088
2.81	1.21546
2.82	1.22214
2.83	1.22884
2.84	1.23557
2.85	1.24232
2.86	1.24909
2.87	1.04636
2.88	1.05171
2.89	1.05708
2.9	1.06247
2.91	1.06788
2.92	1.0733
2.93	1.07874
2.94	1.0842
2.95	1.08968
2.96	1.09517
2.97	1.10068
2.98	1.1062
2.99	1.11174
3	1.1173
3.01	1.12288
3.02	1.12847
3.03	1.13408
3.04	1.13971
3.05	1.14535
3.06	1.15101
3.07	1.15669
3.08	1.16239
3.09	1.1681
3.1	1.17382
3.11	1.17957
3.12	1.18533
3.13	1.19111
3.14	1.1969
3.15	1.20271
3.16	1.20854
3.17	1.21438
3.18	1.22024
3.19	1.22612
3.2	1.23201
3.21	1.23792
3.22	1.24385
3.23	1.24979
3.24	1.25575
3.25	1.26172
3.26	1.26772
3.27	1.27372
3.28	1.27975
3.29	1.28579
3.3	1.29185
3.31	1.29792
3.32	1.30401
3.33	1.31012
3.34	1.31624
3.35	1.32238
3.36	1.32853
3.37	1.3347
3.38	1.34089
3.39	1.34709
3.4	1.35331
3.41	1.35955
3.42	1.3658
3.43	1.37207
3.44	1.37835
3.45	1.38465
3.46	1.39097
3.47	1.3973
3.48	1.40365
3.49	1.41002
3.5	1.4164
3.51	1.42279
3.52	1.42921
3.53	1.43563
3.54	1.44208
3.55	1.44854
3.56	1.45502
3.57	1.46151
3.58	1.46802
3.59	1.47454
3.6	1.48108
3.61	1.48764
3.62	1.49421
3.63	1.5008
3.64	1.5074
3.65	1.51402
3.66	1.52066
3.67	1.52731
3.68	1.53398
3.69	1.54066
3.7	1.54736
3.71	1.55408
3.72	1.56081
3.73	1.56756
3.74	1.57432
3.75	1.5811
3.76	1.58789
3.77	1.5947
3.78	1.60153
3.79	1.60837
3.8	1.61523
3.81	1.6221
3.82	1.62899
3.83	1.63589
3.84	1.64281
3.85	1.64975
3.86	1.6567
3.87	1.66367
3.88	1.67065
3.89	1.67765
3.9	1.68467
3.91	1.6917
3.92	1.69874
3.93	1.7058
3.94	1.71288
3.95	1.71997
3.96	1.72708
3.97	1.73421
3.98	1.74135
3.99	1.7485
4	1.75567
4.01	1.76286
4.02	1.77006
4.03	1.77728
4.04	1.78451
4.05	1.79176
4.06	0.562933
4.07	0.564117
4.08	0.565301
4.09	0.566486
4.1	0.567671
4.11	0.568857
4.12	0.570043
4.13	0.57123
4.14	0.572418
4.15	0.573606
4.16	0.574795
4.17	0.575984
4.18	0.577173
4.19	0.578363
4.2	0.579554
4.21	0.580745
4.22	0.581937
4.23	0.583129
4.24	0.584322
4.25	0.585515
4.26	0.586709
4.27	0.587903
4.28	0.589097
4.29	0.590292
4.3	0.591488
4.31	0.592684
4.32	0.59388
4.33	0.595077
4.34	0.596275
4.35	0.597473
4.36	0.598671
4.37	0.599869
4.38	0.601069
4.39	0.602268
4.4	0.603468
4.41	0.604669
4.42	0.605869
4.43	0.607071
4.44	0.608272
4.45	0.609474
4.46	0.610677
4.47	0.61188
4.48	0.613083
4.49	0.614287
4.5	0.615491
4.51	0.616695
4.52	0.6179
4.53	0.619105
4.54	0.620311
4.55	0.621517
4.56	0.622723
4.57	0.62393
4.58	0.625137
4.59	0.626344
4.6	0.627552
4.61	0.62876
4.62	0.629968
4.63	0.631177
4.64	0.632386
4.65	0.633596
4.66	0.634806
4.67	0.636016
4.68	0.637227
4.69	0.638437
4.7	0.639649
4.71	0.64086
4.72	0.642072
4.73	0.643284
4.74	0.644497
4.75	0.645709
4.76	0.646922
4.77	0.648136
4.78	0.64935
4.79	0.650564
4.8	0.651778
4.81	0.652993
4.82	0.654207
4.83	0.655423
4.84	0.656638
4.85	0.657854
4.86	0.65907
4.87	0.660286
4.88	0.661503
4.89	0.66272
4.9	0.663937
4.91	0.665155
4.92	0.666373
4.93	0.667591
4.94	0.668809
4.95	0.670027
4.96	0.671246
4.97	0.672465
4.98	0.673685
4.99	0.674904
5	0.676124
5.01	0.677344
5.02	0.678565
5.03	0.679785
5.04	0.681006
5.05	0.682227
5.06	0.683449
5.07	0.68467
5.08	0.685892
5.09	0.687114
5.1	0.688337
5.11	0.689559
5.12	0.690782
5.13	0.692005
5.14	0.693228
5.15	0.694452
5.16	0.695676
5.17	0.6969
5.18	0.698124
5.19	0.699348
5.2	0.700573
5.21	0.701798
5.22	0.703023
5.23	0.704248
5.24	0.705474
5.25	0.706699
5.26	0.707925
5.27	0.709151
5.28	0.710378
5.29	0.711604
5.3	0.712831
5.31	0.714058
5.32	0.715285
5.33	0.716512
5.34	0.71774
5.35	0.718968
5.36	0.720195
5.37	0.721424
5.38	0.722652
5.39	0.72388
5.4	0.725109
5.41	0.726338
5.42	0.727567
5.43	0.728796
5.44	0.730026
5.45	0.731255
5.46	0.732485
5.47	0.733715
5.48	0.734945
5.49	0.736176
5.5	0.737406
5.51	0.738637
