# Interaction cross-sections, 1/cm
# Date: 2021-05-31 21:02:48.218523
# Generated from NCrystal (https://github.com/mctools/ncrystal)
# Reference: X.-X. Cai and T. Kittelmann, Comp. Phys. Comm. 246 (2020) 106851
# Source file: Mg_sg194.ncmat
# wavelength[A]	sigma_tot[1/cm]
0.51	0.153083
0.52	0.152529
0.53	0.151945
0.54	0.151336
0.55	0.150705
0.56	0.150056
0.57	0.149392
0.58	0.148716
0.59	0.148033
0.6	0.147346
0.61	0.146654
0.62	0.145965
0.63	0.145278
0.64	0.144592
0.65	0.143917
0.66	0.143253
0.67	0.142612
0.68	0.141956
0.69	0.141329
0.7	0.140721
0.71	0.140115
0.72	0.139544
0.73	0.138979
0.74	0.13844
0.75	0.137923
0.76	0.137425
0.77	0.136935
0.78	0.136458
0.79	0.13603
0.8	0.135542
0.81	0.135133
0.82	0.13481
0.83	0.134442
0.84	0.134115
0.85	0.133785
0.86	0.133489
0.87	0.133214
0.88	0.132914
0.89	0.132605
0.9	0.132373
0.91	0.132151
0.92	0.131858
0.93	0.131717
0.94	0.131467
0.95	0.131524
0.96	0.131438
0.97	0.131389
0.98	0.131441
0.99	0.131327
1	0.130814
1.01	0.130797
1.02	0.130516
1.03	0.130502
1.04	0.130768
1.05	0.130535
1.06	0.130632
1.07	0.13045
1.08	0.130444
1.09	0.130289
1.1	0.13011
1.11	0.13014
1.12	0.130519
1.13	0.13096
1.14	0.131162
1.15	0.131459
1.16	0.131468
1.17	0.131988
1.18	0.131967
1.19	0.131595
1.2	0.131408
1.21	0.131454
1.22	0.130665
1.23	0.131104
1.24	0.130468
1.25	0.131073
1.26	0.131699
1.27	0.130388
1.28	0.130837
1.29	0.13149
1.3	0.131559
1.31	0.1321
1.32	0.132135
1.33	0.132374
1.34	0.132601
1.35	0.133079
1.36	0.133823
1.37	0.133477
1.38	0.133372
1.39	0.133988
1.4	0.134772
1.41	0.133607
1.42	0.134396
1.43	0.135201
1.44	0.134925
1.45	0.135747
1.46	0.136586
1.47	0.13744
1.48	0.134494
1.49	0.135327
1.5	0.136175
1.51	0.135151
1.52	0.136003
1.53	0.131863
1.54	0.130618
1.55	0.13089
1.56	0.131699
1.57	0.132521
1.58	0.133356
1.59	0.134204
1.6	0.135065
1.61	0.13465
1.62	0.13552
1.63	0.136403
1.64	0.135886
1.65	0.136776
1.66	0.136927
1.67	0.135512
1.68	0.136402
1.69	0.137302
1.7	0.138215
1.71	0.139139
1.72	0.140074
1.73	0.14102
1.74	0.141353
1.75	0.138472
1.76	0.1394
1.77	0.140339
1.78	0.141289
1.79	0.142249
1.8	0.136647
1.81	0.137554
1.82	0.138471
1.83	0.139399
1.84	0.140335
1.85	0.141282
1.86	0.139717
1.87	0.140656
1.88	0.141604
1.89	0.142561
1.9	0.143527
1.91	0.14309
1.92	0.14406
1.93	0.145038
1.94	0.146026
1.95	0.143903
1.96	0.140132
1.97	0.141066
1.98	0.142007
1.99	0.142957
2	0.143916
2.01	0.144882
2.02	0.145856
2.03	0.139487
2.04	0.140405
2.05	0.14133
2.06	0.130451
2.07	0.131277
2.08	0.13211
2.09	0.13295
2.1	0.133796
2.11	0.132495
2.12	0.133335
2.13	0.134181
2.14	0.135034
2.15	0.135894
2.16	0.13676
2.17	0.137633
2.18	0.131132
2.19	0.13195
2.2	0.132774
2.21	0.133604
2.22	0.13444
2.23	0.135283
2.24	0.136131
2.25	0.136986
2.26	0.137846
2.27	0.138712
2.28	0.139584
2.29	0.140463
2.3	0.141347
2.31	0.142236
2.32	0.143132
2.33	0.144033
2.34	0.144941
2.35	0.145854
2.36	0.143377
2.37	0.144273
2.38	0.145174
2.39	0.14608
2.4	0.146992
2.41	0.14791
2.42	0.148833
2.43	0.149762
2.44	0.150696
2.45	0.151635
2.46	0.148617
2.47	0.149535
2.48	0.150458
2.49	0.151386
2.5	0.152319
2.51	0.153258
2.52	0.154202
2.53	0.15515
2.54	0.156104
2.55	0.157064
2.56	0.158028
2.57	0.158997
2.58	0.159971
2.59	0.160951
2.6	0.161935
2.61	0.159615
2.62	0.160584
2.63	0.161558
2.64	0.162537
2.65	0.16352
2.66	0.164509
2.67	0.165502
2.68	0.1665
2.69	0.150846
2.7	0.151729
2.71	0.152617
2.72	0.153509
2.73	0.154406
2.74	0.131586
2.75	0.132318
2.76	0.133053
2.77	0.133792
2.78	0.131396
2.79	0.132119
2.8	0.132846
2.81	0.133577
2.82	0.134311
2.83	0.135048
2.84	0.135789
2.85	0.136534
2.86	0.137281
2.87	0.138033
2.88	0.138787
2.89	0.139545
2.9	0.140307
2.91	0.141072
2.92	0.14184
2.93	0.142612
2.94	0.143387
2.95	0.120894
2.96	0.121517
2.97	0.122144
2.98	0.122773
2.99	0.123405
3	0.12404
3.01	0.124678
3.02	0.125319
3.03	0.125962
3.04	0.126608
3.05	0.127257
3.06	0.127908
3.07	0.128563
3.08	0.12922
3.09	0.129879
3.1	0.130542
3.11	0.131207
3.12	0.131875
3.13	0.132546
3.14	0.133219
3.15	0.133895
3.16	0.134574
3.17	0.135255
3.18	0.135939
3.19	0.136626
3.2	0.137315
3.21	0.117084
3.22	0.117648
3.23	0.118214
3.24	0.118783
3.25	0.119354
3.26	0.119927
3.27	0.120502
3.28	0.121079
3.29	0.121659
3.3	0.122241
3.31	0.122825
3.32	0.123411
3.33	0.124
3.34	0.12459
3.35	0.125183
3.36	0.125778
3.37	0.126375
3.38	0.126975
3.39	0.127576
3.4	0.12818
3.41	0.128786
3.42	0.129394
3.43	0.130004
3.44	0.130616
3.45	0.13123
3.46	0.131847
3.47	0.132465
3.48	0.133086
3.49	0.133709
3.5	0.134334
3.51	0.134961
3.52	0.13559
3.53	0.136222
3.54	0.136855
3.55	0.137491
3.56	0.138128
3.57	0.138768
3.58	0.13941
3.59	0.140054
3.6	0.1407
3.61	0.141348
3.62	0.141998
3.63	0.142651
3.64	0.143305
3.65	0.143961
3.66	0.14462
3.67	0.14528
3.68	0.145943
3.69	0.146607
3.7	0.147274
3.71	0.147943
3.72	0.148614
3.73	0.149286
3.74	0.149961
3.75	0.150638
3.76	0.151317
3.77	0.151998
3.78	0.152681
3.79	0.153366
3.8	0.154053
3.81	0.136051
3.82	0.136644
3.83	0.137239
3.84	0.137835
3.85	0.138433
3.86	0.139033
3.87	0.139635
3.88	0.140238
3.89	0.140843
3.9	0.14145
3.91	0.142059
3.92	0.142669
3.93	0.143282
3.94	0.143896
3.95	0.144511
3.96	0.145129
3.97	0.145748
3.98	0.146369
3.99	0.146991
4	0.147615
4.01	0.148241
4.02	0.148869
4.03	0.149499
4.04	0.15013
4.05	0.150763
4.06	0.151397
4.07	0.152034
4.08	0.152672
4.09	0.153311
4.1	0.153953
4.11	0.154596
4.12	0.155241
4.13	0.155887
4.14	0.156536
4.15	0.157186
4.16	0.157837
4.17	0.158491
4.18	0.159146
4.19	0.159803
4.2	0.160461
4.21	0.161121
4.22	0.161783
4.23	0.162446
4.24	0.163112
4.25	0.163779
4.26	0.164447
4.27	0.165117
4.28	0.165789
4.29	0.166463
4.3	0.167138
4.31	0.167815
4.32	0.168494
4.33	0.169174
4.34	0.169856
4.35	0.17054
4.36	0.171225
4.37	0.171912
4.38	0.172601
4.39	0.173291
4.4	0.173983
4.41	0.174677
4.42	0.175372
4.43	0.176069
4.44	0.176768
4.45	0.177468
4.46	0.17817
4.47	0.178874
4.48	0.179579
4.49	0.180286
4.5	0.180994
4.51	0.181705
4.52	0.182416
4.53	0.18313
4.54	0.183845
4.55	0.184562
4.56	0.185281
4.57	0.186001
4.58	0.186722
4.59	0.187446
4.6	0.188171
4.61	0.188898
4.62	0.189626
4.63	0.190356
4.64	0.191088
4.65	0.191821
4.66	0.192556
4.67	0.193292
4.68	0.19403
4.69	0.19477
4.7	0.195512
4.71	0.196255
4.72	0.196999
4.73	0.197746
4.74	0.198494
4.75	0.199243
4.76	0.199994
4.77	0.200747
4.78	0.201502
4.79	0.202258
4.8	0.203016
4.81	0.203775
4.82	0.204536
4.83	0.205299
4.84	0.206063
4.85	0.206829
4.86	0.207596
4.87	0.208365
4.88	0.209136
4.89	0.209908
4.9	0.210682
4.91	0.0828946
4.92	0.0831476
4.93	0.0834011
4.94	0.0836551
4.95	0.0839097
4.96	0.0841649
4.97	0.0844206
4.98	0.0846768
4.99	0.0849336
5	0.0851909
5.01	0.0854488
5.02	0.0857072
5.03	0.0859661
5.04	0.0862256
5.05	0.0864857
5.06	0.0867463
5.07	0.0870074
5.08	0.087269
5.09	0.0875312
5.1	0.087794
5.11	0.0880572
5.12	0.088321
5.13	0.0885854
5.14	0.0888503
5.15	0.0891157
5.16	0.0893816
5.17	0.0896481
5.18	0.0899151
5.19	0.0901827
5.2	0.0904508
5.21	0.0907194
5.22	0.0562835
5.23	0.0564201
5.24	0.056557
5.25	0.0566941
5.26	0.0568315
5.27	0.0569692
5.28	0.0571071
5.29	0.0572453
5.3	0.0573838
5.31	0.0575226
5.32	0.0576616
5.33	0.0578009
5.34	0.0579405
5.35	0.0580804
5.36	0.0582205
5.37	0.0583609
5.38	0.0585015
5.39	0.0586425
5.4	0.0587837
5.41	0.0589251
5.42	0.0590668
5.43	0.0592088
5.44	0.0593511
5.45	0.0594936
5.46	0.0596364
5.47	0.0597795
5.48	0.0599228
5.49	0.0600664
5.5	0.0602102
5.51	0.0603543
