0.5	0.849379017
0.51	0.862164412
0.52	0.875157788
0.53	0.888359147
0.54	0.901768488
0.55	0.915385812
0.56	0.929211117
0.57	0.943244405
0.58	0.957485675
0.59	0.971934927
0.6	0.986592162
0.61	1.001457379
0.62	1.016530578
0.63	1.031811759
0.64	1.047300922
0.65	1.062998068
0.66	1.078903196
0.67	1.095016307
0.68	1.111337399
0.69	1.127866474
0.7	1.144603531
0.71	1.16154857
0.72	1.178701592
0.73	1.196062596
0.74	1.213631582
0.75	1.23140855
0.76	1.249393501
0.77	1.267586434
0.78	1.268089667
0.79	1.286236708
0.8	1.304585848
0.81	1.312138126
0.82	1.307641005
0.83	1.325755996
0.84	1.337677654
0.85	1.356023533
0.86	1.360085657
0.87	1.363364567
0.88	1.381588957
0.89	1.399995544
0.9	1.418584325
0.91	1.437355303
0.92	1.416547538
0.93	1.43481384
0.94	1.453252942
0.95	1.426699513
0.96	1.444528362
0.97	1.462520002
0.98	1.454468525
0.99	1.444907121
1	1.462289
1.01	1.479822633
1.02	1.487158173
1.03	1.504791383
1.04	1.522574358
1.05	1.540507097
1.06	1.558589602
1.07	1.576821872
1.08	1.55607505
1.09	1.573878887
1.1	1.59182578
1.11	1.609915728
1.12	1.582865755
1.13	1.60042958
1.14	1.618129242
1.15	1.635964738
1.16	1.653936071
1.17	1.67204324
1.18	1.676367232
1.19	1.694509157
1.2	1.594536378
1.21	1.610966956
1.22	1.627514947
1.23	1.644180351
1.24	1.660963168
1.25	1.643045913
1.26	1.659504248
1.27	1.67607554
1.28	1.692759789
1.29	1.709556994
1.3	1.726467155
1.31	1.743490273
1.32	1.760626348
1.33	1.777875379
1.34	1.795237367
1.35	1.812712311
1.36	1.734825862
1.37	1.751117522
1.38	1.767511816
1.39	1.784008742
1.4	1.800608302
1.41	1.817310493
1.42	1.834115318
1.43	1.851022775
1.44	1.750203053
1.45	1.765673569
1.46	1.781235352
1.47	1.796888403
1.48	1.812632722
1.49	1.82846831
1.5	1.844395165
1.51	1.860413288
1.52	1.876522679
1.53	1.892723339
1.54	1.909015266
1.55	1.925398461
1.56	1.941872924
1.57	1.958438656
1.58	1.811804852
1.59	1.826479606
1.6	1.841232546
1.61	1.856063671
1.62	1.692654049
1.63	1.705433284
1.64	1.718277115
1.65	1.731185542
1.66	1.744158567
1.67	1.757196188
1.68	1.770298405
1.69	1.783465219
1.7	1.79669663
1.71	1.809992637
1.72	1.82335324
1.73	1.836778441
1.74	1.850268238
1.75	1.863822631
1.76	1.877441621
1.77	1.830936388
1.78	1.844002551
1.79	1.857129467
1.8	1.870317138
1.81	1.883565563
1.82	1.896874742
1.83	1.910244675
1.84	1.923675363
1.85	1.937166805
1.86	1.950719001
1.87	1.964331951
1.88	1.978005655
1.89	1.991740114
1.9	2.005535327
1.91	2.019391294
1.92	2.033308015
1.93	2.047285491
1.94	2.06132372
1.95	2.075422704
1.96	2.089582442
1.97	2.103802934
1.98	2.118084181
1.99	2.132426181
2	2.146828936
2.01	2.161292445
2.02	2.175816709
2.03	2.190401726
2.04	2.075698086
2.05	2.089133373
2.06	2.102623197
2.07	2.116167559
2.08	2.129766459
2.09	2.143419896
2.1	2.157127872
2.11	2.170890386
2.12	2.184707437
2.13	1.751215527
2.14	1.760931198
2.15	1.770681685
2.16	1.780466989
2.17	1.790287109
2.18	1.800142047
2.19	1.810031801
2.2	1.819956372
2.21	1.82991576
2.22	1.839909964
2.23	1.849938985
2.24	1.860002823
2.25	1.870101478
2.26	1.88023495
2.27	1.890403238
2.28	1.900606343
2.29	1.910844265
2.3	1.921117004
2.31	1.931424559
2.32	1.941766931
2.33	1.95214412
2.34	1.962556126
2.35	1.973002948
2.36	1.983484587
2.37	1.994001043
2.38	2.004552316
2.39	2.015138406
2.4	2.025759312
2.41	2.036415035
2.42	2.047105575
2.43	2.057830932
2.44	2.068591105
2.45	2.079386095
2.46	2.090215902
2.47	2.101080526
2.48	2.111979966
2.49	2.122914223
2.5	1.758869061
2.51	1.766866837
2.52	1.77488743
2.53	1.782930839
2.54	1.790997065
2.55	1.799086107
2.56	1.807197965
2.57	1.815332639
2.58	1.82349013
2.59	1.831670437
2.6	1.839873561
2.61	1.8480995
2.62	1.856348256
2.63	1.864619829
2.64	1.872914217
2.65	1.881231422
2.66	1.889571444
2.67	1.897934281
2.68	1.906319935
2.69	1.914728405
2.7	1.923159692
2.71	1.931613795
2.72	1.940090714
2.73	1.948590449
2.74	1.957113001
2.75	1.965658369
2.76	1.974226554
2.77	1.982817554
2.78	1.991431371
2.79	2.000068005
2.8	2.008727454
2.81	2.01740972
2.82	2.026114803
2.83	2.034842701
2.84	2.043593416
2.85	2.052366947
2.86	2.061163295
2.87	2.069982458
2.88	2.078824439
2.89	2.087689235
2.9	2.096576848
2.91	2.105487277
2.92	2.114420522
2.93	2.123376584
2.94	2.132355462
2.95	2.141357156
2.96	2.150381667
2.97	2.159428994
2.98	2.168499137
2.99	2.177592097
3	2.186707872
3.01	2.195846465
3.02	2.205007873
3.03	2.214192098
3.04	2.223399139
3.05	2.232628996
3.06	2.24188167
3.07	2.25115716
3.08	2.260455467
3.09	2.269776589
3.1	2.279120528
3.11	2.288487283
3.12	2.297876855
3.13	2.307289243
3.14	2.316724447
3.15	2.326182468
3.16	2.335663305
3.17	2.345166958
3.18	2.354693427
3.19	2.364242713
3.2	2.373814815
3.21	2.383409733
3.22	2.393027468
3.23	2.402668019
3.24	2.412331386
3.25	2.42201757
3.26	2.43172657
3.27	2.441458386
3.28	2.451213019
3.29	2.460990468
3.3	2.470790733
3.31	2.480613814
3.32	2.490459712
3.33	2.500328426
3.34	2.510219957
3.35	2.520134304
3.36	2.530071467
3.37	2.540031446
3.38	2.550014242
3.39	2.560019854
3.4	2.570048282
3.41	2.580099527
3.42	2.590173588
3.43	2.600270465
3.44	2.610390158
3.45	2.620532668
3.46	2.630697994
3.47	2.640886137
3.48	2.651097096
3.49	2.661330871
3.5	2.671587462
3.51	2.68186687
3.52	2.692169094
3.53	2.146936811
3.54	2.154132576
3.55	2.16134224
3.56	2.168565803
3.57	2.175803267
3.58	2.183054629
3.59	2.190319892
3.6	2.197599053
3.61	2.204892115
3.62	2.212199075
3.63	2.219519935
3.64	2.226854695
3.65	2.234203354
3.66	2.241565913
3.67	2.248942371
3.68	2.256332729
3.69	2.263736986
3.7	2.271155143
3.71	2.278587199
3.72	2.286033155
3.73	2.29349301
3.74	2.300966765
3.75	2.308454419
3.76	2.315955973
3.77	2.323471426
3.78	2.331000779
3.79	2.338544031
3.8	2.346101183
3.81	2.353672234
3.82	2.361257185
3.83	2.368856035
3.84	2.376468785
3.85	2.384095434
3.86	2.391735983
3.87	2.399390431
3.88	2.407058779
3.89	2.414741027
3.9	2.422437173
3.91	2.43014722
3.92	2.437871165
3.93	2.445609011
3.94	2.453360755
3.95	2.4611264
3.96	2.468905944
3.97	2.476699387
3.98	2.48450673
3.99	2.492327972
4	2.500163114
4.01	2.508012155
4.02	2.515875096
4.03	2.523751936
4.04	2.531642676
4.05	2.539547315
4.06	2.547465854
4.07	1.404178968
4.08	1.406461259
4.09	1.408743549
4.1	1.41102584
4.11	1.413308131
4.12	1.415590421
4.13	1.417872712
4.14	1.420155003
4.15	1.422437293
4.16	1.424719584
4.17	1.427001874
4.18	1.429284165
4.19	1.431566456
4.2	1.433848746
4.21	1.436131037
4.22	1.438413328
4.23	1.440695618
4.24	1.442977909
4.25	1.4452602
4.26	1.44754249
4.27	1.449824781
4.28	1.452107072
4.29	1.454389362
4.3	1.456671653
4.31	1.458953944
4.32	1.461236234
4.33	1.463518525
4.34	1.465800816
4.35	1.468083106
4.36	1.470365397
4.37	1.472647688
4.38	1.474929978
4.39	1.477212269
4.4	1.47949456
4.41	1.48177685
4.42	1.484059141
4.43	1.486341431
4.44	1.488623722
4.45	1.490906013
4.46	1.493188303
4.47	1.495470594
4.48	1.497752885
4.49	1.500035175
4.5	1.502317466
4.51	1.504599757
4.52	1.506882047
4.53	1.509164338
4.54	1.511446629
4.55	1.513728919
4.56	1.51601121
4.57	1.518293501
4.58	1.520575791
4.59	1.522858082
4.6	1.525140373
4.61	1.527422663
4.62	1.529704954
4.63	1.531987245
4.64	1.534269535
4.65	1.536551826
4.66	1.538834117
4.67	1.541116407
4.68	1.543398698
4.69	1.545680988
4.7	1.547963279
4.71	1.55024557
4.72	1.55252786
4.73	1.554810151
4.74	1.557092442
4.75	1.559374732
4.76	1.561657023
4.77	1.563939314
4.78	1.566221604
4.79	1.568503895
4.8	1.570786186
4.81	1.573068476
4.82	1.575350767
4.83	1.577633058
4.84	1.579915348
4.85	1.582197639
4.86	1.58447993
4.87	1.58676222
4.88	1.589044511
4.89	1.591326802
4.9	1.593609092
4.91	1.595891383
4.92	1.598173674
4.93	1.600455964
4.94	1.602738255
4.95	1.605020545
4.96	1.607302836
4.97	1.609585127
4.98	1.611867417
4.99	1.614149708
5	1.616431999
5.01	1.618714289
5.02	1.62099658
5.03	1.623278871
5.04	1.625561161
5.05	1.627843452
5.06	1.630125743
5.07	1.632408033
5.08	1.634690324
5.09	1.636972615
5.1	1.639254905
