0.5	0.26540894
0.51	0.267612606
0.52	0.269821946
0.53	0.27203696
0.54	0.274257647
0.55	0.276484009
0.56	0.278716044
0.57	0.280953753
0.58	0.283197136
0.59	0.285446193
0.6	0.287700923
0.61	0.289961328
0.62	0.292227406
0.63	0.294499158
0.64	0.296776584
0.65	0.299059683
0.66	0.301348457
0.67	0.303642904
0.68	0.305943025
0.69	0.30824882
0.7	0.310560289
0.71	0.312877431
0.72	0.315200248
0.73	0.317528738
0.74	0.319862902
0.75	0.32220274
0.76	0.324548251
0.77	0.326899437
0.78	0.329256296
0.79	0.331618829
0.8	0.333987036
0.81	0.336360916
0.82	0.338740471
0.83	0.341125699
0.84	0.343516601
0.85	0.345913177
0.86	0.348315427
0.87	0.350723351
0.88	0.353136948
0.89	0.355556219
0.9	0.357981164
0.91	0.360411783
0.92	0.362848076
0.93	0.365290042
0.94	0.367737683
0.95	0.370190997
0.96	0.372649985
0.97	0.375114646
0.98	0.377584982
0.99	0.380060991
1	0.382542674
1.01	0.385030031
1.02	0.387523062
1.03	0.390021767
1.04	0.392526145
1.05	0.395036198
1.06	0.397551924
1.07	0.400073324
1.08	0.402600397
1.09	0.405133145
1.1	0.407671566
1.11	0.410215661
1.12	0.41276543
1.13	0.415320873
1.14	0.41788199
1.15	0.42044878
1.16	0.423021245
1.17	0.425599383
1.18	0.428183194
1.19	0.43077268
1.2	0.43336784
1.21	0.435968673
1.22	0.43857518
1.23	0.441187361
1.24	0.443805216
1.25	0.446428745
1.26	0.449057947
1.27	0.451692823
1.28	0.454333373
1.29	0.456979597
1.3	0.459631495
1.31	0.462289066
1.32	0.464952312
1.33	0.467621231
1.34	0.470295824
1.35	0.47297609
1.36	0.475662031
1.37	0.478353645
1.38	0.481050934
1.39	0.483753896
1.4	0.486462531
1.41	0.489176841
1.42	0.491432086
1.43	0.494151175
1.44	0.496875891
1.45	0.499606235
1.46	0.502342207
1.47	0.505083807
1.48	0.506737406
1.49	0.509475432
1.5	0.510497951
1.51	0.513224009
1.52	0.514142771
1.53	0.51685565
1.54	0.519573747
1.55	0.522297061
1.56	0.525025594
1.57	0.527302156
1.58	0.530035282
1.59	0.532773589
1.6	0.535517077
1.61	0.535246787
1.62	0.537963018
1.63	0.540684196
1.64	0.543410322
1.65	0.541160058
1.66	0.543835517
1.67	0.546515558
1.68	0.549200182
1.69	0.551889387
1.7	0.554583174
1.71	0.555381697
1.72	0.558062363
1.73	0.559752449
1.74	0.562430483
1.75	0.565112902
1.76	0.564610863
1.77	0.567265713
1.78	0.569924744
1.79	0.570334055
1.8	0.57297619
1.81	0.575622365
1.82	0.578272579
1.83	0.580926832
1.84	0.57860698
1.85	0.581215054
1.86	0.583826872
1.87	0.586442435
1.88	0.589061743
1.89	0.591684797
1.9	0.585948828
1.91	0.58849111
1.92	0.591036674
1.93	0.593585519
1.94	0.594636306
1.95	0.597176197
1.96	0.59971929
1.97	0.602265584
1.98	0.599949133
1.99	0.602452556
2	0.604958933
2.01	0.607468263
2.02	0.609980547
2.03	0.612495784
2.04	0.615013975
2.05	0.617535119
2.06	0.620059217
2.07	0.622586269
2.08	0.625116274
2.09	0.627649233
2.1	0.630185145
2.11	0.632724011
2.12	0.635265831
2.13	0.635714254
2.14	0.63824225
2.15	0.640773108
2.16	0.643306826
2.17	0.645843406
2.18	0.648382847
2.19	0.650925149
2.2	0.653470313
2.21	0.656018337
2.22	0.658569223
2.23	0.66112297
2.24	0.663679578
2.25	0.663718269
2.26	0.666258142
2.27	0.668800778
2.28	0.671346174
2.29	0.673894333
2.3	0.676445253
2.31	0.678998934
2.32	0.681555377
2.33	0.684114582
2.34	0.686676548
2.35	0.68729383
2.36	0.68984471
2.37	0.692398281
2.38	0.694954543
2.39	0.697513496
2.4	0.700075141
2.41	0.702639476
2.42	0.705206503
2.43	0.70777622
2.44	0.710348628
2.45	0.712923728
2.46	0.715501519
2.47	0.707704393
2.48	0.710203367
2.49	0.712704691
2.5	0.700790817
2.51	0.703181272
2.52	0.705573617
2.53	0.70796785
2.54	0.710363974
2.55	0.712761986
2.56	0.713213144
2.57	0.715599681
2.58	0.717988049
2.59	0.720378246
2.6	0.722770273
2.61	0.725164131
2.62	0.727559819
2.63	0.729957336
2.64	0.732356684
2.65	0.734757861
2.66	0.737160869
2.67	0.726128461
2.68	0.728434287
2.69	0.730741565
2.7	0.733050297
2.71	0.735360482
2.72	0.73767212
2.73	0.73998521
2.74	0.742299754
2.75	0.744615751
2.76	0.746933201
2.77	0.749252104
2.78	0.75157246
2.79	0.753894269
2.8	0.756217531
2.81	0.758542246
2.82	0.760868414
2.83	0.763196035
2.84	0.765525109
2.85	0.767855637
2.86	0.770187617
2.87	0.77252105
2.88	0.774855937
2.89	0.777192276
2.9	0.779530068
2.91	0.781869314
2.92	0.784210012
2.93	0.786552164
2.94	0.788895768
2.95	0.791240826
2.96	0.781064826
2.97	0.783328035
2.98	0.785592411
2.99	0.787857955
3	0.790124665
3.01	0.792392543
3.02	0.794661588
3.03	0.796931801
3.04	0.79920318
3.05	0.801475727
3.06	0.803749441
3.07	0.806024322
3.08	0.80830037
3.09	0.810577585
3.1	0.812855968
3.11	0.815135518
3.12	0.817416235
3.13	0.819698119
3.14	0.82198117
3.15	0.824265389
3.16	0.826550774
3.17	0.828837327
3.18	0.831125047
3.19	0.833413935
3.2	0.835703989
3.21	0.837995211
3.22	0.840287599
3.23	0.842581155
3.24	0.844875879
3.25	0.847171769
3.26	0.849468827
3.27	0.851767051
3.28	0.854066443
3.29	0.856367002
3.3	0.858668729
3.31	0.860971622
3.32	0.863275683
3.33	0.865580911
3.34	0.867887306
3.35	0.870194868
3.36	0.872503598
3.37	0.874813494
3.38	0.877124558
3.39	0.879436789
3.4	0.881750187
3.41	0.884064752
3.42	0.886380485
3.43	0.888697385
3.44	0.891015452
3.45	0.893334686
3.46	0.88531312
3.47	0.887574822
3.48	0.889837518
3.49	0.892101209
3.5	0.894365894
3.51	0.896631574
3.52	0.898898248
3.53	0.901165916
3.54	0.903434579
3.55	0.905704236
3.56	0.907974888
3.57	0.910246534
3.58	0.912519174
3.59	0.914792809
3.6	0.917067439
3.61	0.919343062
3.62	0.92161968
3.63	0.923897293
3.64	0.9261759
3.65	0.928455501
3.66	0.930736097
3.67	0.933017687
3.68	0.935300272
3.69	0.937583851
3.7	0.939868424
3.71	0.942153992
3.72	0.944440554
3.73	0.946728111
3.74	0.949016662
3.75	0.951306207
3.76	0.953596747
3.77	0.955888281
3.78	0.95818081
3.79	0.960474333
3.8	0.96276885
3.81	0.965064362
3.82	0.967360869
3.83	0.969658369
3.84	0.971956865
3.85	0.974256354
3.86	0.976556838
3.87	0.978858316
3.88	0.981160789
3.89	0.983464256
3.9	0.985768718
3.91	0.988074174
3.92	0.990380625
3.93	0.992688069
3.94	0.994996509
3.95	0.997305942
3.96	0.99961637
3.97	1.001927793
3.98	1.00424021
3.99	1.006553621
4	1.008868027
4.01	1.011183427
4.02	1.013499821
4.03	1.01581721
4.04	1.018135594
4.05	1.020454972
4.06	1.022775344
4.07	1.02509671
4.08	1.027419071
4.09	1.029742427
4.1	1.032066777
4.11	1.034392121
4.12	1.03671846
4.13	1.039045793
4.14	1.04137412
4.15	1.043703442
4.16	1.046033758
4.17	1.048365069
4.18	1.050697374
4.19	1.053030674
4.2	1.055364968
4.21	1.057700256
4.22	1.060036539
4.23	1.062373816
4.24	1.064712088
4.25	1.067051354
4.26	1.069391614
4.27	1.071732869
4.28	1.074075118
4.29	1.076418362
4.3	1.0787626
4.31	1.081107832
4.32	1.083454059
4.33	1.08580128
4.34	1.088149496
4.35	1.090498706
4.36	1.092848911
4.37	1.09520011
4.38	1.097552303
4.39	1.099905491
4.4	1.102259673
4.41	1.104614849
4.42	1.10697102
4.43	1.109328186
4.44	1.111686346
4.45	1.1140455
4.46	1.116405649
4.47	1.118766792
4.48	1.121128929
4.49	1.053158035
4.5	1.05520852
4.51	1.057259302
4.52	1.059310381
4.53	1.061361757
4.54	1.063413429
4.55	1.065465398
4.56	1.067517663
4.57	1.069570225
4.58	1.071623084
4.59	1.073676239
4.6	1.075729691
4.61	1.07778344
4.62	1.079837486
4.63	1.081891828
4.64	1.083946466
4.65	1.086001402
4.66	1.088056634
4.67	1.090112162
4.68	1.092167988
4.69	1.07633986
4.7	1.078319932
4.71	1.080300138
4.72	1.082280478
4.73	1.084260952
4.74	1.08624156
4.75	1.088222302
4.76	1.090203178
4.77	1.092184188
4.78	1.094165332
4.79	1.096146611
4.8	1.098128023
4.81	1.100109569
4.82	1.10209125
4.83	1.104073064
4.84	1.106055013
4.85	1.108037095
4.86	1.110019312
4.87	1.112001662
4.88	1.113984147
4.89	1.115966766
4.9	1.117949519
4.91	1.119932405
4.92	1.121915426
4.93	1.123898581
4.94	1.12588187
4.95	1.127865293
4.96	1.12984885
4.97	1.131832541
4.98	1.133816366
4.99	1.135800325
5	1.137784419
5.01	1.139768646
5.02	1.141753007
5.03	1.143737502
5.04	1.145722132
5.05	1.147706895
5.06	1.149691793
5.07	1.151676824
5.08	1.15366199
5.09	1.155647289
5.1	1.157632723
