0.5	0.233448508
0.51	0.239182616
0.52	0.244995023
0.53	0.250885727
0.54	0.256854729
0.55	0.26290203
0.56	0.269027628
0.57	0.275231524
0.58	0.281513718
0.59	0.28787421
0.6	0.294313
0.61	0.300830088
0.62	0.307425474
0.63	0.314099158
0.64	0.320851139
0.65	0.327681419
0.66	0.334589997
0.67	0.341576872
0.68	0.348642046
0.69	0.355785517
0.7	0.363007287
0.71	0.370307354
0.72	0.377685719
0.73	0.385142382
0.74	0.392677344
0.75	0.400290603
0.76	0.40798216
0.77	0.415752015
0.78	0.423600168
0.79	0.431526618
0.8	0.435179827
0.81	0.443153406
0.82	0.451203922
0.83	0.456485346
0.84	0.458624109
0.85	0.466691994
0.86	0.473123372
0.87	0.481300061
0.88	0.485532062
0.89	0.489533534
0.9	0.497743563
0.91	0.506025436
0.92	0.514379151
0.93	0.52280471
0.94	0.531302112
0.95	0.527663016
0.96	0.536045734
0.97	0.530560757
0.98	0.538792912
0.99	0.547091242
1	0.555455748
1.01	0.555340394
1.02	0.55467431
1.03	0.562888404
1.04	0.57116527
1.05	0.576011902
1.06	0.58434746
1.07	0.592745154
1.08	0.601204987
1.09	0.609726957
1.1	0.618311064
1.11	0.613176559
1.12	0.621635521
1.13	0.630154383
1.14	0.638733145
1.15	0.631010954
1.16	0.639423744
1.17	0.64789396
1.18	0.656421602
1.19	0.66500667
1.2	0.673649165
1.21	0.677146267
1.22	0.685817262
1.23	0.649974718
1.24	0.658031478
1.25	0.666139061
1.26	0.674297468
1.27	0.682506698
1.28	0.677304025
1.29	0.685403725
1.3	0.693552606
1.31	0.701750667
1.32	0.709997907
1.33	0.718294328
1.34	0.726639929
1.35	0.73503471
1.36	0.743478671
1.37	0.751971812
1.38	0.760514133
1.39	0.769105634
1.4	0.738690031
1.41	0.746819953
1.42	0.754995069
1.43	0.763215381
1.44	0.771480886
1.45	0.779791587
1.46	0.788147482
1.47	0.796548572
1.48	0.755607736
1.49	0.763429567
1.5	0.771292083
1.51	0.779195285
1.52	0.787139172
1.53	0.795123745
1.54	0.803149003
1.55	0.811214946
1.56	0.819321574
1.57	0.827468888
1.58	0.835656887
1.59	0.843885571
1.6	0.852154941
1.61	0.860464996
1.62	0.798159607
1.63	0.805676043
1.64	0.813227779
1.65	0.820814816
1.66	0.750663247
1.67	0.757381028
1.68	0.764128465
1.69	0.770905558
1.7	0.777712307
1.71	0.784548712
1.72	0.791414773
1.73	0.79831049
1.74	0.805235863
1.75	0.812190891
1.76	0.819175576
1.77	0.826189917
1.78	0.833233914
1.79	0.840307566
1.8	0.847410875
1.81	0.827671166
1.82	0.83453603
1.83	0.84142891
1.84	0.848349806
1.85	0.855298717
1.86	0.862275643
1.87	0.869280585
1.88	0.876313542
1.89	0.883374515
1.9	0.890463503
1.91	0.897580507
1.92	0.904725526
1.93	0.91189856
1.94	0.91909961
1.95	0.926328676
1.96	0.933585757
1.97	0.940870853
1.98	0.948183965
1.99	0.955525092
2	0.962894234
2.01	0.970291392
2.02	0.977716566
2.03	0.985169755
2.04	0.992650959
2.05	1.000160179
2.06	1.007697414
2.07	1.015262664
2.08	1.022855931
2.09	0.97034692
2.1	0.977419431
2.11	0.984517204
2.12	0.991640239
2.13	0.998788537
2.14	1.005962097
2.15	1.013160919
2.16	1.020385004
2.17	1.027634351
2.18	0.825454799
2.19	0.830828665
2.2	0.836218979
2.21	0.841625741
2.22	0.84704895
2.23	0.852488607
2.24	0.857944711
2.25	0.863417263
2.26	0.868906263
2.27	0.87441171
2.28	0.879933605
2.29	0.885471947
2.3	0.891026737
2.31	0.896597975
2.32	0.90218566
2.33	0.907789793
2.34	0.913410374
2.35	0.919047402
2.36	0.924700877
2.37	0.930370801
2.38	0.936057172
2.39	0.94175999
2.4	0.947479257
2.41	0.95321497
2.42	0.958967132
2.43	0.964735741
2.44	0.970520798
2.45	0.976322302
2.46	0.982140254
2.47	0.987974653
2.48	0.9938255
2.49	0.999692795
2.5	1.005576537
2.51	1.011476727
2.52	1.017393365
2.53	1.02332645
2.54	1.029275983
2.55	1.035241963
2.56	0.860566695
2.57	0.865151426
2.58	0.869747091
2.59	0.874353691
2.6	0.878971224
2.61	0.883599693
2.62	0.888239095
2.63	0.892889433
2.64	0.897550704
2.65	0.90222291
2.66	0.90690605
2.67	0.911600125
2.68	0.916305134
2.69	0.921021077
2.7	0.925747955
2.71	0.930485767
2.72	0.935234513
2.73	0.939994194
2.74	0.944764809
2.75	0.949546359
2.76	0.954338843
2.77	0.959142261
2.78	0.963956614
2.79	0.968781901
2.8	0.973618123
2.81	0.978465278
2.82	0.983323369
2.83	0.988192393
2.84	0.993072352
2.85	0.997963246
2.86	1.002865074
2.87	1.007777836
2.88	1.012701532
2.89	1.017636163
2.9	1.022581729
2.91	1.027538228
2.92	1.032505662
2.93	1.037484031
2.94	1.042473334
2.95	1.047473571
2.96	1.052484742
2.97	1.057506848
2.98	1.062539889
2.99	1.067583863
3	1.072638772
3.01	1.077704616
3.02	1.082781394
3.03	1.087869106
3.04	1.092967753
3.05	1.098077334
3.06	1.103197849
3.07	1.108329299
3.08	1.113471683
3.09	1.118625001
3.1	1.123789254
3.11	1.128964442
3.12	1.134150563
3.13	1.139347619
3.14	1.14455561
3.15	1.149774534
3.16	1.155004394
3.17	1.160245187
3.18	1.165496915
3.19	1.170759577
3.2	1.176033174
3.21	1.181317705
3.22	1.186613171
3.23	1.19191957
3.24	1.197236905
3.25	1.202565173
3.26	1.207904376
3.27	1.213254513
3.28	1.218615585
3.29	1.223987591
3.3	1.229370532
3.31	1.234764407
3.32	1.240169216
3.33	1.245584959
3.34	1.251011637
3.35	1.25644925
3.36	1.261897797
3.37	1.267357278
3.38	1.272827693
3.39	1.278309043
3.4	1.283801327
3.41	1.289304546
3.42	1.294818699
3.43	1.300343786
3.44	1.305879808
3.45	1.311426764
3.46	1.316984655
3.47	1.32255348
3.48	1.328133239
3.49	1.333723933
3.5	1.339325561
3.51	1.344938123
3.52	1.35056162
3.53	1.356196051
3.54	1.361841417
3.55	1.367497717
3.56	1.373164951
3.57	1.37884312
3.58	1.384532223
3.59	1.390232261
3.6	1.395943232
3.61	1.401665139
3.62	1.12896698
3.63	1.133170337
3.64	1.13738038
3.65	1.141597107
3.66	1.145820519
3.67	1.150050616
3.68	1.154287399
3.69	1.158530866
3.7	1.162781018
3.71	1.167037855
3.72	1.171301377
3.73	1.175571584
3.74	1.179848476
3.75	1.184132053
3.76	1.188422315
3.77	1.192719262
3.78	1.197022893
3.79	1.20133321
3.8	1.205650212
3.81	1.209973898
3.82	1.21430427
3.83	1.218641326
3.84	1.222985068
3.85	1.227335494
3.86	1.231692605
3.87	1.236056402
3.88	1.240426883
3.89	1.244804049
3.9	1.2491879
3.91	1.253578437
3.92	1.257975658
3.93	1.262379564
3.94	1.266790155
3.95	1.27120743
3.96	1.275631391
3.97	1.280062037
3.98	1.284499368
3.99	1.288943384
4	1.293394084
4.01	1.29785147
4.02	1.302315541
4.03	1.306786296
4.04	1.311263737
4.05	1.315747862
4.06	1.320238672
4.07	1.324736168
4.08	1.329240348
4.09	1.333751213
4.1	1.338268763
4.11	1.342792999
4.12	1.347323919
4.13	1.351861524
4.14	1.356405814
4.15	1.360956789
4.16	1.365514449
4.17	1.370078793
4.18	0.790639075
4.19	0.792419137
4.2	0.7941992
4.21	0.795979262
4.22	0.797759324
4.23	0.799539387
4.24	0.801319449
4.25	0.803099512
4.26	0.804879574
4.27	0.806659637
4.28	0.808439699
4.29	0.810219762
4.3	0.811999824
4.31	0.813779887
4.32	0.815559949
4.33	0.817340012
4.34	0.819120074
4.35	0.820900137
4.36	0.822680199
4.37	0.824460262
4.38	0.826240324
4.39	0.828020387
4.4	0.829800449
4.41	0.831580512
4.42	0.833360574
4.43	0.835140637
4.44	0.836920699
4.45	0.838700762
4.46	0.840480824
4.47	0.842260887
4.48	0.844040949
4.49	0.845821011
4.5	0.847601074
4.51	0.849381136
4.52	0.851161199
4.53	0.852941261
4.54	0.854721324
4.55	0.856501386
4.56	0.858281449
4.57	0.860061511
4.58	0.861841574
4.59	0.863621636
4.6	0.865401699
4.61	0.867181761
4.62	0.868961824
4.63	0.870741886
4.64	0.872521949
4.65	0.874302011
4.66	0.876082074
4.67	0.877862136
4.68	0.879642199
4.69	0.881422261
4.7	0.883202324
4.71	0.884982386
4.72	0.886762449
4.73	0.888542511
4.74	0.890322573
4.75	0.892102636
4.76	0.893882698
4.77	0.895662761
4.78	0.897442823
4.79	0.899222886
4.8	0.901002948
4.81	0.902783011
4.82	0.904563073
4.83	0.906343136
4.84	0.908123198
4.85	0.909903261
4.86	0.911683323
4.87	0.913463386
4.88	0.915243448
4.89	0.917023511
4.9	0.918803573
4.91	0.920583636
4.92	0.922363698
4.93	0.924143761
4.94	0.925923823
4.95	0.927703886
4.96	0.929483948
4.97	0.931264011
4.98	0.933044073
4.99	0.934824136
5	0.936604198
5.01	0.93838426
5.02	0.940164323
5.03	0.941944385
5.04	0.943724448
5.05	0.94550451
5.06	0.947284573
5.07	0.949064635
5.08	0.950844698
5.09	0.95262476
5.1	0.954404823
